1 73.333333 73.333333 73.333333 73.333333 2.000000 0.000000 0.000000 2.000000 1.000000 0.000000 0.000000 0.000000 2.000000 0.000000 2.000000 2.000000 2.000000 0.000000 2.000000 1.000000 0.000000 0.000000 0.000000 0.000000 0.000000 2.000000 2.000000 0.000000 2.000000 0.000000 2.000000 2.000000 2.000000 2.000000 1.000000 0.000000 1.000000 2.000000 1.000000 0.000000 0.000000 2.000000 1.000000 1.000000 1.000000 0.000000 0.000000 1.000000 0.000000 0.000000 1.000000 0.000000 1.000000 1.000000 2.000000 1.000000 0.000000 2.000000 1.000000 2.000000 0.000000 1.000000 0.000000 2.000000
3 75.000000 75.000000 75.000000 75.000000 1.000000 2.000000 1.000000 0.000000 1.000000 0.000000 0.000000 2.000000 2.000000 2.000000 1.000000 2.000000 2.000000 1.000000 2.000000 1.000000 1.000000 0.000000 0.000000 2.000000 1.000000 0.000000 0.000000 0.000000 0.000000 2.000000 0.000000 2.000000 1.000000 2.000000 0.000000 1.000000 1.000000 2.000000 1.000000 2.000000 1.000000 2.000000 0.000000 2.000000 2.000000 0.000000 2.000000 2.000000 1.000000 2.000000 1.000000 0.000000 1.000000 1.000000 0.000000 1.000000 0.000000 2.000000 2.000000 1.000000 2.000000 0.000000 2.000000 0.000000
14 76.666667 76.666667 76.666667 76.666667 2.000000 0.000000 2.000000 0.000000 0.000000 0.000000 0.000000 0.000000 2.000000 0.000000 0.000000 0.000000 1.000000 2.000000 0.000000 2.000000 0.000000 1.000000 2.000000 1.000000 1.000000 0.000000 2.000000 2.000000 2.000000 2.000000 0.000000 0.000000 1.000000 0.000000 2.000000 0.000000 1.000000 2.000000 2.000000 1.000000 1.000000 2.000000 0.000000 0.000000 2.000000 2.000000 2.000000 0.000000 0.000000 2.000000 1.000000 2.000000 2.000000 0.000000 2.000000 0.000000 1.000000 2.000000 1.000000 2.000000 1.000000 0.000000 2.000000 2.000000
26 80.000000 80.000000 80.000000 80.000000 2.000000 2.000000 2.000000 0.000000 2.000000 0.000000 0.000000 1.000000 0.000000 2.000000 2.000000 2.000000 2.000000 1.000000 1.000000 1.000000 1.000000 0.000000 0.000000 2.000000 0.000000 0.000000 2.000000 0.000000 0.000000 2.000000 1.000000 0.000000 1.000000 2.000000 0.000000 1.000000 1.000000 2.000000 0.000000 1.000000 2.000000 2.000000 1.000000 0.000000 2.000000 0.000000 2.000000 0.000000 2.000000 2.000000 1.000000 2.000000 2.000000 1.000000 0.000000 2.000000 0.000000 2.000000 2.000000 0.000000 2.000000 0.000000 0.000000 2.000000
29 81.666667 81.666667 81.666667 81.666667 2.000000 1.000000 2.000000 2.000000 2.000000 0.000000 0.000000 1.000000 0.000000 0.000000 0.000000 0.000000 2.000000 1.000000 1.000000 0.000000 0.000000 1.000000 1.000000 2.000000 0.000000 1.000000 2.000000 0.000000 0.000000 2.000000 1.000000 0.000000 1.000000 0.000000 0.000000 0.000000 2.000000 0.000000 0.000000 1.000000 1.000000 0.000000 1.000000 1.000000 2.000000 2.000000 1.000000 2.000000 2.000000 1.000000 1.000000 2.000000 1.000000 1.000000 2.000000 1.000000 1.000000 0.000000 2.000000 0.000000 0.000000 2.000000 1.000000 2.000000
101 83.333333 83.333333 83.333333 83.333333 1.000000 2.000000 2.000000 2.000000 2.000000 0.000000 0.000000 1.000000 2.000000 2.000000 1.000000 0.000000 2.000000 1.000000 1.000000 0.000000 1.000000 1.000000 1.000000 1.000000 1.000000 0.000000 2.000000 0.000000 0.000000 2.000000 1.000000 2.000000 1.000000 2.000000 0.000000 1.000000 1.000000 0.000000 0.000000 1.000000 1.000000 0.000000 1.000000 2.000000 2.000000 0.000000 2.000000 0.000000 2.000000 2.000000 1.000000 2.000000 1.000000 0.000000 1.000000 0.000000 0.000000 2.000000 2.000000 0.000000 0.000000 0.000000 2.000000 2.000000
126 86.666667 86.666667 86.666667 86.666667 1.000000 2.000000 2.000000 0.000000 2.000000 0.000000 0.000000 1.000000 0.000000 2.000000 2.000000 0.000000 2.000000 1.000000 1.000000 0.000000 1.000000 0.000000 0.000000 2.000000 0.000000 0.000000 2.000000 0.000000 0.000000 2.000000 1.000000 2.000000 2.000000 2.000000 0.000000 1.000000 1.000000 2.000000 0.000000 1.000000 0.000000 0.000000 1.000000 2.000000 2.000000 0.000000 2.000000 0.000000 2.000000 2.000000 1.000000 2.000000 2.000000 0.000000 0.000000 2.000000 0.000000 2.000000 1.000000 0.000000 1.000000 0.000000 2.000000 2.000000
139 88.333333 88.333333 88.333333 88.333333 1.000000 2.000000 1.000000 0.000000 2.000000 0.000000 0.000000 1.000000 0.000000 2.000000 2.000000 0.000000 2.000000 1.000000 1.000000 0.000000 1.000000 0.000000 0.000000 1.000000 1.000000 0.000000 2.000000 0.000000 0.000000 2.000000 1.000000 0.000000 1.000000 2.000000 0.000000 1.000000 1.000000 0.000000 0.000000 1.000000 1.000000 0.000000 1.000000 2.000000 2.000000 2.000000 2.000000 0.000000 2.000000 2.000000 1.000000 2.000000 1.000000 1.000000 2.000000 2.000000 1.000000 0.000000 2.000000 0.000000 0.000000 0.000000 2.000000 2.000000
178 91.666667 91.666667 91.666667 91.666667 1.000000 2.000000 2.000000 2.000000 2.000000 0.000000 0.000000 1.000000 2.000000 2.000000 1.000000 0.000000 2.000000 1.000000 1.000000 0.000000 1.000000 0.000000 0.000000 1.000000 1.000000 0.000000 2.000000 0.000000 0.000000 2.000000 1.000000 0.000000 1.000000 2.000000 0.000000 1.000000 1.000000 0.000000 0.000000 1.000000 0.000000 2.000000 1.000000 0.000000 2.000000 2.000000 2.000000 0.000000 2.000000 2.000000 1.000000 2.000000 1.000000 0.000000 0.000000 2.000000 0.000000 2.000000 1.000000 0.000000 1.000000 0.000000 2.000000 2.000000
443 93.333333 93.333333 93.333333 93.333333 1.000000 2.000000 2.000000 2.000000 2.000000 0.000000 2.000000 1.000000 2.000000 2.000000 2.000000 0.000000 2.000000 1.000000 1.000000 0.000000 1.000000 1.000000 0.000000 1.000000 1.000000 0.000000 2.000000 0.000000 0.000000 2.000000 1.000000 0.000000 1.000000 2.000000 0.000000 1.000000 1.000000 0.000000 0.000000 1.000000 0.000000 0.000000 1.000000 2.000000 2.000000 2.000000 2.000000 1.000000 2.000000 2.000000 1.000000 2.000000 2.000000 0.000000 0.000000 1.000000 0.000000 2.000000 1.000000 0.000000 1.000000 0.000000 0.000000 2.000000
845 95.000000 95.000000 95.000000 95.000000 1.000000 0.000000 2.000000 2.000000 2.000000 0.000000 2.000000 1.000000 2.000000 0.000000 2.000000 1.000000 0.000000 1.000000 1.000000 0.000000 1.000000 1.000000 0.000000 1.000000 1.000000 0.000000 2.000000 0.000000 0.000000 2.000000 1.000000 0.000000 1.000000 2.000000 0.000000 1.000000 1.000000 0.000000 0.000000 1.000000 0.000000 0.000000 1.000000 1.000000 2.000000 2.000000 2.000000 1.000000 2.000000 2.000000 2.000000 2.000000 0.000000 0.000000 0.000000 1.000000 0.000000 0.000000 1.000000 0.000000 1.000000 0.000000 2.000000 0.000000
905 96.666667 96.666667 96.666667 96.666667 1.000000 0.000000 2.000000 2.000000 2.000000 0.000000 2.000000 1.000000 2.000000 0.000000 2.000000 1.000000 0.000000 1.000000 1.000000 0.000000 1.000000 1.000000 0.000000 1.000000 1.000000 0.000000 2.000000 0.000000 0.000000 2.000000 1.000000 0.000000 1.000000 2.000000 0.000000 1.000000 1.000000 0.000000 0.000000 1.000000 0.000000 0.000000 1.000000 1.000000 2.000000 2.000000 2.000000 1.000000 0.000000 2.000000 1.000000 2.000000 0.000000 0.000000 0.000000 1.000000 0.000000 0.000000 1.000000 0.000000 1.000000 0.000000 2.000000 2.000000
1759 98.333333 98.333333 98.333333 98.333333 1.000000 0.000000 2.000000 2.000000 2.000000 0.000000 2.000000 1.000000 2.000000 0.000000 2.000000 1.000000 0.000000 1.000000 1.000000 0.000000 1.000000 1.000000 0.000000 1.000000 1.000000 2.000000 2.000000 0.000000 1.000000 0.000000 1.000000 0.000000 1.000000 0.000000 1.000000 1.000000 1.000000 0.000000 0.000000 1.000000 0.000000 0.000000 1.000000 1.000000 2.000000 2.000000 2.000000 2.000000 0.000000 2.000000 1.000000 2.000000 1.000000 0.000000 0.000000 1.000000 1.000000 0.000000 1.000000 0.000000 1.000000 0.000000 0.000000 0.000000
2000 96.666667 98.333333 96.666667 98.333333 1.000000 0.000000 0.000000 2.000000 2.000000 0.000000 2.000000 1.000000 2.000000 0.000000 2.000000 1.000000 0.000000 1.000000 1.000000 0.000000 1.000000 1.000000 0.000000 1.000000 0.000000 0.000000 2.000000 0.000000 1.000000 0.000000 1.000000 0.000000 1.000000 2.000000 0.000000 1.000000 2.000000 0.000000 0.000000 1.000000 0.000000 0.000000 1.000000 1.000000 0.000000 2.000000 2.000000 2.000000 0.000000 2.000000 1.000000 2.000000 1.000000 0.000000 0.000000 1.000000 1.000000 0.000000 1.000000 0.000000 1.000000 0.000000 0.000000 0.000000
