1 86.666667 86.666667 86.666667 86.666667 2.000000 0.000000 0.000000 2.000000 1.000000 0.000000 0.000000 0.000000 2.000000 0.000000 2.000000 2.000000 2.000000 0.000000 2.000000 1.000000 0.000000 0.000000 0.000000 0.000000 0.000000 2.000000 2.000000 0.000000 2.000000 0.000000 2.000000 2.000000 2.000000 2.000000 1.000000 0.000000 1.000000 2.000000 1.000000 0.000000 0.000000 2.000000 1.000000 1.000000 1.000000 0.000000 0.000000 1.000000 0.000000 0.000000 1.000000 0.000000 1.000000 1.000000 2.000000 1.000000 0.000000 2.000000 1.000000 2.000000 0.000000 1.000000 0.000000 2.000000
3 87.500000 87.500000 87.500000 87.500000 1.000000 2.000000 1.000000 0.000000 1.000000 0.000000 0.000000 2.000000 2.000000 2.000000 1.000000 2.000000 2.000000 1.000000 2.000000 1.000000 1.000000 0.000000 0.000000 2.000000 1.000000 0.000000 0.000000 0.000000 0.000000 2.000000 0.000000 2.000000 1.000000 2.000000 0.000000 1.000000 1.000000 2.000000 1.000000 2.000000 1.000000 2.000000 0.000000 2.000000 2.000000 0.000000 2.000000 2.000000 1.000000 2.000000 1.000000 0.000000 1.000000 1.000000 0.000000 1.000000 0.000000 2.000000 2.000000 1.000000 2.000000 0.000000 2.000000 0.000000
14 88.333333 88.333333 88.333333 88.333333 2.000000 0.000000 2.000000 0.000000 0.000000 0.000000 0.000000 0.000000 2.000000 0.000000 0.000000 0.000000 1.000000 2.000000 0.000000 2.000000 0.000000 1.000000 2.000000 1.000000 1.000000 0.000000 2.000000 2.000000 2.000000 2.000000 0.000000 0.000000 1.000000 0.000000 2.000000 0.000000 1.000000 2.000000 2.000000 1.000000 1.000000 2.000000 0.000000 0.000000 2.000000 2.000000 2.000000 0.000000 0.000000 2.000000 1.000000 2.000000 2.000000 0.000000 2.000000 0.000000 1.000000 2.000000 1.000000 2.000000 1.000000 0.000000 2.000000 2.000000
26 90.000000 90.000000 90.000000 90.000000 2.000000 2.000000 2.000000 0.000000 2.000000 0.000000 0.000000 1.000000 0.000000 2.000000 2.000000 2.000000 2.000000 1.000000 1.000000 1.000000 1.000000 0.000000 0.000000 2.000000 0.000000 0.000000 2.000000 0.000000 0.000000 2.000000 1.000000 0.000000 1.000000 2.000000 0.000000 1.000000 1.000000 2.000000 0.000000 1.000000 2.000000 2.000000 1.000000 0.000000 2.000000 0.000000 2.000000 0.000000 2.000000 2.000000 1.000000 2.000000 2.000000 1.000000 0.000000 2.000000 0.000000 2.000000 2.000000 0.000000 2.000000 0.000000 0.000000 2.000000
29 90.833333 90.833333 90.833333 90.833333 2.000000 1.000000 2.000000 2.000000 2.000000 0.000000 0.000000 1.000000 0.000000 0.000000 0.000000 0.000000 2.000000 1.000000 1.000000 0.000000 0.000000 1.000000 1.000000 2.000000 0.000000 1.000000 2.000000 0.000000 0.000000 2.000000 1.000000 0.000000 1.000000 0.000000 0.000000 0.000000 2.000000 0.000000 0.000000 1.000000 1.000000 0.000000 1.000000 1.000000 2.000000 2.000000 1.000000 2.000000 2.000000 1.000000 1.000000 2.000000 1.000000 1.000000 2.000000 1.000000 1.000000 0.000000 2.000000 0.000000 0.000000 2.000000 1.000000 2.000000
101 91.666667 91.666667 91.666667 91.666667 1.000000 2.000000 2.000000 2.000000 2.000000 0.000000 0.000000 1.000000 2.000000 2.000000 1.000000 0.000000 2.000000 1.000000 1.000000 0.000000 1.000000 1.000000 1.000000 1.000000 1.000000 0.000000 2.000000 0.000000 0.000000 2.000000 1.000000 2.000000 1.000000 2.000000 0.000000 1.000000 1.000000 0.000000 0.000000 1.000000 1.000000 0.000000 1.000000 2.000000 2.000000 0.000000 2.000000 0.000000 2.000000 2.000000 1.000000 2.000000 1.000000 0.000000 1.000000 0.000000 0.000000 2.000000 2.000000 0.000000 0.000000 0.000000 2.000000 2.000000
126 93.333333 93.333333 93.333333 93.333333 1.000000 2.000000 2.000000 0.000000 2.000000 0.000000 0.000000 1.000000 0.000000 2.000000 2.000000 0.000000 2.000000 1.000000 1.000000 0.000000 1.000000 0.000000 0.000000 2.000000 0.000000 0.000000 2.000000 0.000000 0.000000 2.000000 1.000000 2.000000 2.000000 2.000000 0.000000 1.000000 1.000000 2.000000 0.000000 1.000000 0.000000 0.000000 1.000000 2.000000 2.000000 0.000000 2.000000 0.000000 2.000000 2.000000 1.000000 2.000000 2.000000 0.000000 0.000000 2.000000 0.000000 2.000000 1.000000 0.000000 1.000000 0.000000 2.000000 2.000000
139 94.166667 94.166667 94.166667 94.166667 1.000000 2.000000 1.000000 0.000000 2.000000 0.000000 0.000000 1.000000 0.000000 2.000000 2.000000 0.000000 2.000000 1.000000 1.000000 0.000000 1.000000 0.000000 0.000000 1.000000 1.000000 0.000000 2.000000 0.000000 0.000000 2.000000 1.000000 0.000000 1.000000 2.000000 0.000000 1.000000 1.000000 0.000000 0.000000 1.000000 1.000000 0.000000 1.000000 2.000000 2.000000 2.000000 2.000000 0.000000 2.000000 2.000000 1.000000 2.000000 1.000000 1.000000 2.000000 2.000000 1.000000 0.000000 2.000000 0.000000 0.000000 0.000000 2.000000 2.000000
178 95.833333 95.833333 95.833333 95.833333 1.000000 2.000000 2.000000 2.000000 2.000000 0.000000 0.000000 1.000000 2.000000 2.000000 1.000000 0.000000 2.000000 1.000000 1.000000 0.000000 1.000000 0.000000 0.000000 1.000000 1.000000 0.000000 2.000000 0.000000 0.000000 2.000000 1.000000 0.000000 1.000000 2.000000 0.000000 1.000000 1.000000 0.000000 0.000000 1.000000 0.000000 2.000000 1.000000 0.000000 2.000000 2.000000 2.000000 0.000000 2.000000 2.000000 1.000000 2.000000 1.000000 0.000000 0.000000 2.000000 0.000000 2.000000 1.000000 0.000000 1.000000 0.000000 2.000000 2.000000
443 96.666667 96.666667 96.666667 96.666667 1.000000 2.000000 2.000000 2.000000 2.000000 0.000000 2.000000 1.000000 2.000000 2.000000 2.000000 0.000000 2.000000 1.000000 1.000000 0.000000 1.000000 1.000000 0.000000 1.000000 1.000000 0.000000 2.000000 0.000000 0.000000 2.000000 1.000000 0.000000 1.000000 2.000000 0.000000 1.000000 1.000000 0.000000 0.000000 1.000000 0.000000 0.000000 1.000000 2.000000 2.000000 2.000000 2.000000 1.000000 2.000000 2.000000 1.000000 2.000000 2.000000 0.000000 0.000000 1.000000 0.000000 2.000000 1.000000 0.000000 1.000000 0.000000 0.000000 2.000000
845 97.500000 97.500000 97.500000 97.500000 1.000000 0.000000 2.000000 2.000000 2.000000 0.000000 2.000000 1.000000 2.000000 0.000000 2.000000 1.000000 0.000000 1.000000 1.000000 0.000000 1.000000 1.000000 0.000000 1.000000 1.000000 0.000000 2.000000 0.000000 0.000000 2.000000 1.000000 0.000000 1.000000 2.000000 0.000000 1.000000 1.000000 0.000000 0.000000 1.000000 0.000000 0.000000 1.000000 1.000000 2.000000 2.000000 2.000000 1.000000 2.000000 2.000000 2.000000 2.000000 0.000000 0.000000 0.000000 1.000000 0.000000 0.000000 1.000000 0.000000 1.000000 0.000000 2.000000 0.000000
905 98.333333 98.333333 98.333333 98.333333 1.000000 0.000000 2.000000 2.000000 2.000000 0.000000 2.000000 1.000000 2.000000 0.000000 2.000000 1.000000 0.000000 1.000000 1.000000 0.000000 1.000000 1.000000 0.000000 1.000000 1.000000 0.000000 2.000000 0.000000 0.000000 2.000000 1.000000 0.000000 1.000000 2.000000 0.000000 1.000000 1.000000 0.000000 0.000000 1.000000 0.000000 0.000000 1.000000 1.000000 2.000000 2.000000 2.000000 1.000000 0.000000 2.000000 1.000000 2.000000 0.000000 0.000000 0.000000 1.000000 0.000000 0.000000 1.000000 0.000000 1.000000 0.000000 2.000000 2.000000
1759 99.166667 99.166667 99.166667 99.166667 1.000000 0.000000 2.000000 2.000000 2.000000 0.000000 2.000000 1.000000 2.000000 0.000000 2.000000 1.000000 0.000000 1.000000 1.000000 0.000000 1.000000 1.000000 0.000000 1.000000 1.000000 2.000000 2.000000 0.000000 1.000000 0.000000 1.000000 0.000000 1.000000 0.000000 1.000000 1.000000 1.000000 0.000000 0.000000 1.000000 0.000000 0.000000 1.000000 1.000000 2.000000 2.000000 2.000000 2.000000 0.000000 2.000000 1.000000 2.000000 1.000000 0.000000 0.000000 1.000000 1.000000 0.000000 1.000000 0.000000 1.000000 0.000000 0.000000 0.000000
2000 98.333333 99.166667 98.333333 99.166667 1.000000 0.000000 0.000000 2.000000 2.000000 0.000000 2.000000 1.000000 2.000000 0.000000 2.000000 1.000000 0.000000 1.000000 1.000000 0.000000 1.000000 1.000000 0.000000 1.000000 0.000000 0.000000 2.000000 0.000000 1.000000 0.000000 1.000000 0.000000 1.000000 2.000000 0.000000 1.000000 2.000000 0.000000 0.000000 1.000000 0.000000 0.000000 1.000000 1.000000 0.000000 2.000000 2.000000 2.000000 0.000000 2.000000 1.000000 2.000000 1.000000 0.000000 0.000000 1.000000 1.000000 0.000000 1.000000 0.000000 1.000000 0.000000 0.000000 0.000000
